aij coefficients:
[1, 1, 1, 1, 1, 1, 1, 1, 1]
[0, 1, 1, 1, 1, 1, 1, 1, 1]
[0, 0, 1, 1, 1, 1, 1, 1, 1]
[0, 0, 0, 1, 1, 1, 1, 1, 1]
[0, 0, 0, 0, 1, 1, 1, 1, 1]
[0, 0, 0, 0, 0, 1, 1, 1, 1]
[0, 0, 0, 0, 0, 0, 1, 1, 1]
[0, 0, 0, 0, 0, 0, 0, 1, 1]
[0, 0, 0, 0, 0, 0, 0, 0, 1]

the expert suggestions:
[j] [[    x1     ], [     x2    ], [     x3    ], [     x4    ], [     x5    ], [     x6    ], [     x7    ], [     x8    ], [     x9    ]]
[1] [[1, 1, 0.111], [0, 0, 0.111], [0, 0, 0.111], [0, 0, 0.111], [0, 0, 0.111], [0, 0, 0.111], [0, 0, 0.111], [0, 0, 0.111], [0, 0, 0.111]]
[2] [[0, 0, 0    ], [1, 1, 0.125], [0, 0, 0.125], [0, 0, 0.125], [0, 0, 0.125], [0, 0, 0.125], [0, 0, 0.125], [0, 0, 0.125], [0, 0, 0.125]]
[3] [[0, 0, 0    ], [0, 0, 0    ], [1, 1, 0.143], [0, 0, 0.143], [0, 0, 0.143], [0, 0, 0.143], [0, 0, 0.143], [0, 0, 0.143], [0, 0, 0.143]]
[4] [[0, 0, 0    ], [0, 0, 0    ], [0, 0, 0    ], [1, 1, 0.166], [0, 0, 0.166], [0, 0, 0.166], [0, 0, 0.166], [0, 0, 0.166], [0, 0, 0.166]]
[5] [[0, 0, 0    ], [0, 0, 0    ], [0, 0, 0    ], [0, 0, 0    ], [1, 1, 0.2  ], [0, 0, 0.2  ], [0, 0, 0.2  ], [0, 0, 0.2  ], [0, 0, 0.2  ]]
[6] [[0, 0, 0    ], [0, 0, 0    ], [0, 0, 0    ], [0, 0, 0    ], [0, 0, 0    ], [1, 1, 0.25 ], [0, 0, 0.25 ], [0, 0, 0.25 ], [0, 0, 0.25 ]]
[7] [[0, 0, 0    ], [0, 0, 0    ], [0, 0, 0    ], [0, 0, 0    ], [0, 0, 0    ], [0, 0, 0    ], [1, 1, 0.333], [0, 0, 0.333], [0, 0, 0.333]]
[8] [[0, 0, 0    ], [0, 0, 0    ], [0, 0, 0    ], [0, 0, 0    ], [0, 0, 0    ], [0, 0, 0    ], [0, 0, 0    ], [1, 1, 0.5  ], [0, 0, 0.5  ]]
[9] [[0, 0, 0    ], [0, 0, 0    ], [0, 0, 0    ], [0, 0, 0    ], [0, 0, 0    ], [0, 0, 0    ], [0, 0, 0    ], [0, 0, 0    ], [1, 1, 1.0  ]]

x derivatives:
[0.351851851851852, 0.01851851851851852, 0.018518518518518524, 0.01851851851851852, 0.01851851851851852, 0.01851851851851852, 0.01851851851851852, 0.01851851851851852, 0.018518518518518524]
[0.0              , 0.22274492234169652, 0.018443847072879334, 0.01844384707287933, 0.01844384707287933, 0.01844384707287933, 0.01844384707287933, 0.01844384707287933, 0.018443847072879334]
[0.0              , 0.0                , 0.14399255775541012 , 0.01621181385080081, 0.01621181385080081, 0.01621181385080081, 0.01621181385080081, 0.01621181385080081, 0.01621181385080081 ]
[0.0              , 0.0                , 0.0                 , 0.10637376910771587, 0.01491623084781842, 0.01491623084781842, 0.01491623084781842, 0.01491623084781842, 0.014916230847818427]
[0.0              , 0.0                , 0.0                 , 0.0                , 0.09538984559423425, 0.01603952573892006, 0.01603952573892006, 0.01603952573892006, 0.016039525738920066]
[0.0              , 0.0                , 0.0                 , 0.0                , 0.0                , 0.1020290018034445 , 0.02048375136026896, 0.02048375136026896, 0.020483751360268965]
[0.0              , 0.0                , 0.0                 , 0.0                , 0.0                , 0.0                , 0.12502658246716294, 0.03056617768260934, 0.03056617768260934 ]
[0.0              , 0.0                , 0.0                 , 0.0                , 0.0                , 0.0                , 0.0                , 0.17507610400722254, 0.05456416584914652 ]
[0.0              , 0.0                , 0.0                 , 0.0                , 0.0                , 0.0                , 0.0                , 0.0                , 0.310255969079038   ]

x values during the execution:
[0.351851851851852, 0.01851851851851852, 0.01851851851851852, 0.01851851851851852, 0.01851851851851852, 0.01851851851851852, 0.01851851851851852, 0.01851851851851852, 0.01851851851851852]
[0.351851851851852, 0.24126344086021503, 0.03696236559139786, 0.03696236559139786, 0.03696236559139786, 0.03696236559139786, 0.03696236559139786, 0.03696236559139786, 0.03696236559139786]
[0.351851851851852, 0.24126344086021503, 0.18095492334680796, 0.05317417944219867, 0.05317417944219867, 0.05317417944219867, 0.05317417944219867, 0.05317417944219867, 0.05317417944219867]
[0.351851851851852, 0.24126344086021503, 0.18095492334680796, 0.15954794854991455, 0.0680904102900171 , 0.0680904102900171 , 0.0680904102900171 , 0.0680904102900171 , 0.0680904102900171 ]
[0.351851851851852, 0.24126344086021503, 0.18095492334680796, 0.15954794854991455, 0.16348025588425136, 0.08412993602893716, 0.08412993602893716, 0.08412993602893716, 0.08412993602893716]
[0.351851851851852, 0.24126344086021503, 0.18095492334680796, 0.15954794854991455, 0.16348025588425136, 0.18615893783238166, 0.10461368738920612, 0.10461368738920612, 0.10461368738920612]
[0.351851851851852, 0.24126344086021503, 0.18095492334680796, 0.15954794854991455, 0.16348025588425136, 0.18615893783238166, 0.22964026985636907, 0.13517986507181545, 0.13517986507181545]
[0.351851851851852, 0.24126344086021503, 0.18095492334680796, 0.15954794854991455, 0.16348025588425136, 0.18615893783238166, 0.22964026985636907, 0.31025596907903796, 0.18974403092096198]
[0.351851851851852, 0.24126344086021503, 0.18095492334680796, 0.15954794854991455, 0.16348025588425136, 0.18615893783238166, 0.22964026985636907, 0.31025596907903796, 0.5                ]

x_dyn solution:
[0.111111111111111, 0.125              , 0.14285714285714285, 0.16666666666666666, 0.2                , 0.25               , 0.33333333333333333, 0.5,               , 1.0                ]

x values in the solution:
[0.703703703703704, 0.48252688172043007, 0.3619098466936159 , 0.3190958970998291 , 0.3269605117685027 , 0.3723178756647633 , 0.45928053971273813, 0.6205119381580759 , 1.0                ]

The objective value: 4.646307194521659
3x the potential: 4.1588830833596715
